# step 571
# iter abs_residual rel_residual
0 7.2278104865847794e+01 1.0000000000000000e+00
1 1.1546600861376085e+03 1.5975240195917175e+01
2 1.1527745212175016e+03 1.5949152559507690e+01
3 1.1585072720810590e+03 1.6028467739038167e+01
4 1.2484330970663782e+03 1.7272631862491966e+01
5 1.4402468346341198e+03 1.9926460956707409e+01
6 1.2677694538268927e+03 1.7540159031285391e+01
7 1.4124522130193197e+03 1.9541909899836334e+01
8 1.3004236603875549e+03 1.7991944625571104e+01
9 1.3783981910457280e+03 1.9070757231448059e+01
10 1.3232324643110167e+03 1.8307514658374210e+01
11 1.3547601259468602e+03 1.8743713998331454e+01
12 1.3364428175031651e+03 1.8490285820078952e+01
13 1.3388396176547717e+03 1.8523446625222576e+01
14 1.3429152194667845e+03 1.8579834404337390e+01
15 1.3277325809233284e+03 1.8369775790160443e+01
16 1.3450051727491514e+03 1.8608749845413854e+01
17 1.3195692023756817e+03 1.8256831786401648e+01
18 1.3443069584348295e+03 1.8599089737202412e+01
19 1.3132163294689910e+03 1.8168936940258657e+01
20 1.3418458874589389e+03 1.8565039716377179e+01
21 1.3079856800735004e+03 1.8096568559748420e+01
22 1.3382737217502838e+03 1.8515617201560481e+01
23 1.3034526903333033e+03 1.8033852613493178e+01
24 1.3340055733942822e+03 1.8456565454645929e+01
25 1.2993510853097448e+03 1.7977105068283308e+01
26 1.3293075319958687e+03 1.8391565944667999e+01
27 1.2955114809371751e+03 1.7923982419596044e+01
28 1.3243513570112666e+03 1.8322995040743482e+01
29 1.2918249965149778e+03 1.7872978254101671e+01
30 1.3192485335188198e+03 1.8252395188936109e+01
31 1.2882212246127092e+03 1.7823118453419880e+01
32 1.3140716232924840e+03 1.8180770313934968e+01
33 1.2846546044803001e+03 1.7773772664137930e+01
34 1.3088677968916775e+03 1.8108773041587206e+01
35 1.2810958289420539e+03 1.7724535408334784e+01
36 1.3036675101288788e+03 1.8036824741718927e+01
37 1.2775263299648061e+03 1.7675149788943227e+01
38 1.2984901357291355e+03 1.7965193444670497e+01
39 1.2739346838609490e+03 1.7625457754121292e+01
40 1.2933476589201473e+03 1.7894044971442913e+01
41 1.2703142383675174e+03 1.7575367266827094e+01
42 1.2882471280003144e+03 1.7823476838405949e+01
43 1.2666615286045335e+03 1.7524830388892017e+01
44 1.2831922934625518e+03 1.7753540935311303e+01
45 1.2629752087388219e+03 1.7473828500110436e+01
46 1.2781847130477208e+03 1.7684258814202490e+01
47 1.2592553284036253e+03 1.7422362287180519e+01
48 1.2732245007404388e+03 1.7615632052107824e+01
49 1.2555028382768448e+03 1.7370444903157441e+01
50 1.2683108376845419e+03 1.7547649319784984e+01
51 1.2517192522219568e+03 1.7318097293021417e+01
52 1.2634423194681115e+03 1.7480291186565157e+01
53 1.2479064168613556e+03 1.7265345005621548e+01
54 1.2586171941770297e+03 1.7413533413930729e+01
55 1.2440663539073528e+03 1.7212216012254466e+01
56 1.2538335239646628e+03 1.7347349190904328e+01
57 1.2402011533662171e+03 1.7158739229094341e+01
58 1.2490892942235764e+03 1.7281710644488481e+01
59 1.2363129023444251e+03 1.7104943532195414e+01
60 1.2443824862345846e+03 1.7216589844797785e+01
61 1.2324036388426334e+03 1.7050857118210882e+01
62 1.2397111252403784e+03 1.7151959470179129e+01
63 1.2284753213134463e+03 1.6996507083210957e+01
64 1.2350733099337272e+03 1.7087793215194178e+01
65 1.2245298121532992e+03 1.6941919194285671e+01
66 1.2304672309094187e+03 1.7024066045910235e+01
67 1.2205688672024355e+03 1.6887117744272345e+01
68 1.2258911806665640e+03 1.6960754338286630e+01
69 1.2165941326631391e+03 1.6832125509117954e+01
70 1.2213435565435198e+03 1.6897835918780682e+01
71 1.2126071450125296e+03 1.6776963746672610e+01
72 1.2168228618970386e+03 1.6835290080661771e+01
73 1.2086093333587710e+03 1.6721652229288765e+01
74 1.2123277032828983e+03 1.6773097545004070e+01
75 1.2046020237657890e+03 1.6666209303655620e+01
76 1.2078567863325293e+03 1.6711240403637852e+01
77 1.2005864443555593e+03 1.6610651961391557e+01
78 1.2034089109092972e+03 1.6649702052134479e+01
79 1.1965637310958346e+03 1.6554995919119957e+01
80 1.1989829658851538e+03 1.6588467117539029e+01
81 1.1925349333538306e+03 1.6499255695306928e+01
82 1.1945779226425680e+03 1.6527521368466584e+01
83 1.1885010204044429e+03 1.6443444700305399e+01
84 1.1901928302483389e+03 1.6466851648329786e+01
85 1.1844628864407161e+03 1.6387575305677224e+01
86 1.1858268092566091e+03 1.6406445789600738e+01
87 1.1804213570163158e+03 1.6331658933327649e+01
88 1.1814790463295221e+03 1.6346292539385384e+01
89 1.1763771933517285e+03 1.6275706115083540e+01
90 1.1771487897176003e+03 1.6286381496892513e+01
91 1.1723310979349751e+03 1.6219726570181763e+01
92 1.1728353439168968e+03 1.6226703039513069e+01
93 1.1682837191228411e+03 1.6163729268929242e+01
94 1.1685380650381899e+03 1.6167248258750860e+01
95 1.1642356550318605e+03 1.6107722486536510e+01
96 1.1642563576318148e+03 1.6108008916292697e+01
97 1.1601874578348106e+03 1.6051713862561609e+01
98 1.1599896696501901e+03 1.6048977374312674e+01
99 1.1561396376449420e+03 1.5995710454650158e+01
100 1.1557374897052248e+03 1.5990146557527183e+01
101 1.1520926651049692e+03 1.5939718774355217e+01
102 1.1514993435987960e+03 1.5931509905192495e+01
103 1.1480469756785410e+03 1.5883744846511684e+01
104 1.1472747910266830e+03 1.5873061325502228e+01
105 1.1440029715529199e+03 1.5827794235560733e+01
106 1.1430634233290114e+03 1.5814795164463719e+01
107 1.1399610245723068e+03 1.5771872086133667e+01
108 1.1388648605586673e+03 1.5756706165338233e+01
109 1.1359214789444131e+03 1.5715983160498562e+01
110 1.1346787494225241e+03 1.5698789440156895e+01
111 1.1318846530402675e+03 1.5660131863461400e+01
112 1.1305047609336550e+03 1.5641040437238013e+01
113 1.1278508414169996e+03 1.5604322270352188e+01
114 1.1263425889436478e+03 1.5583454920880987e+01
115 1.1238203171284513e+03 1.5548558158993304e+01
116 1.1221919476107953e+03 1.5526028936337585e+01
117 1.1197933329737878e+03 1.5492843026974585e+01
118 1.1180525705925102e+03 1.5468758798638651e+01
119 1.1157701230424436e+03 1.5437180113028356e+01
120 1.1139242088679314e+03 1.5411641062468876e+01
121 1.1117509047699712e+03 1.5381572425473012e+01
122 1.1098066298869969e+03 1.5354672510393847e+01
123 1.1077358792266093e+03 1.5326022746205494e+01
124 1.1056996160758363e+03 1.5297850132181477e+01
125 1.1037252332631683e+03 1.5270533660390571e+01
126 1.1016029635335844e+03 1.5241171106771839e+01
127 1.0997191401761233e+03 1.5215107565662708e+01
128 1.0975164815439437e+03 1.5184632795519413e+01
129 1.0957177605429581e+03 1.5159746683683414e+01
130 1.0934399909872004e+03 1.5128232720222620e+01
131 1.0917212434672797e+03 1.5104453077367971e+01
132 1.0893733238516420e+03 1.5071968556364059e+01
133 1.0877297275777883e+03 1.5049228664706629e+01
134 1.0853163221770781e+03 1.5015838118493642e+01
135 1.0837433411674672e+03 1.4994075220690352e+01
136 1.0812688376704100e+03 1.4959839354909837e+01
137 1.0797622035145794e+03 1.4938994395587411e+01
138 1.0772307304174522e+03 1.4903970329837129e+01
139 1.0757864254727701e+03 1.4883987723107708e+01
140 1.0732018690396128e+03 1.4848229225593775e+01
141 1.0718161096226308e+03 1.4829056622499738e+01
142 1.0691821292851255e+03 1.4792614323100853e+01
143 1.0678513515707782e+03 1.4774202416523925e+01
144 1.0651713940628533e+03 1.4737124002349965e+01
145 1.0638922397492672e+03 1.4719426328677415e+01
146 1.0611695529640469e+03 1.4681756735786543e+01
147 1.0599388563583293e+03 1.4664729496237278e+01
148 1.0571765012102887e+03 1.4626511073754182e+01
149 1.0559912776358267e+03 1.4610112973988535e+01
150 1.0531921400330018e+03 1.4571385649745318e+01
151 1.0520495743122933e+03 1.4555577740519846e+01
152 1.0492163758020349e+03 1.4516379168344814e+01
153 1.0481138117918135e+03 1.4501124700726056e+01
154 1.0452491196664816e+03 1.4461490400260528e+01
155 1.0441840510124252e+03 1.4446754697712249e+01
156 1.0412902872593663e+03 1.4406718178237508e+01
157 1.0402603481848066e+03 1.4392468509178375e+01
158 1.0373397988401093e+03 1.4352061399029070e+01
159 1.0363427553359263e+03 1.4338266854940876e+01
160 1.0333975781032241e+03 1.4297519006914580e+01
161 1.0324313207368439e+03 1.4284150402851516e+01
162 1.0294635529048167e+03 1.4243090003750909e+01
163 1.0285260887853717e+03 1.4230119767173941e+01
164 1.0255376543613233e+03 1.4188773436503054e+01
165 1.0246271007439364e+03 1.4176175518792331e+01
166 1.0216198166712975e+03 1.4134568394778489e+01
167 1.0207343943750270e+03 1.4122318180167662e+01
168 1.0177099774291552e+03 1.4080474015167965e+01
169 1.0168480047093727e+03 1.4068548235965782e+01
170 1.0138080767377517e+03 1.4026489468967624e+01
171 1.0129679638453720e+03 1.4014866130282430e+01
172 1.0099140573909594e+03 1.3972613964705030e+01
173 1.0090943013408705e+03 1.3961272272063663e+01
174 1.0060278648028705e+03 1.3918846747159661e+01
175 1.0052270441558338e+03 1.3907767034312693e+01
176 1.0021494466799461e+03 1.3865187092826957e+01
177 1.0013662172157656e+03 1.3854350761885046e+01
178 9.9827875258446898e+02 1.3811634303878472e+01
179 9.9751184302711022e+02 1.3801023766167472e+01
180 9.9441573467235128e+02 1.3758187718369795e+01
181 9.9366394213128626e+02 1.3747786331359713e+01
182 9.9056034660992793e+02 1.3704846695253886e+01
183 9.8982253330714479e+02 1.3694638717275595e+01
184 9.8671254400475436e+02 1.3651610620341362e+01
185 9.8598763320236878e+02 1.3641581154243280e+01
186 9.8287228418052723e+02 1.3598478903186423e+01
187 9.8215925727255546e+02 1.3588613856097886e+01
188 9.7903952593277177e+02 1.3545450973706684e+01
189 9.7833741900911514e+02 1.3535737009499130e+01
190 9.7521422962342558e+02 1.3492526283491767e+01
191 9.7452213053173205e+02 1.3482950782128276e+01
192 9.7139635705757269e+02 1.3439704304097882e+01
193 9.7071340264635501e+02 1.3430255323490472e+01
194 9.6758587122221991e+02 1.3386984523433664e+01
195 9.6691124481860641e+02 1.3377650764546853e+01
196 9.6378273646045443e+02 1.3334366448169733e+01
197 9.6311566502259700e+02 1.3325137215622815e+01
198 9.5998691833280873e+02 1.3281849601820609e+01
199 9.5932667049498025e+02 1.3272714776840708e+01
200 9.5619838332431300e+02 1.3229433520691648e+01
201 9.5554426703433796e+02 1.3220383528426508e+01
202 9.5241709909073552e+02 1.3177117757285902e+01
203 9.5176845945149603e+02 1.3168143536940150e+01
204 9.4864303432159204e+02 1.3124901878408775e+01
205 9.4799925168139509e+02 1.3115994856823304e+01
206 9.4487615845609560e+02 1.3072785461238070e+01
207 9.4423664670847836e+02 1.3063937529367079e+01
208 9.4111644193160589e+02 1.3020768096761401e+01
209 9.4048064648316608e+02 1.3011971581556416e+01
210 9.3736385591350916e+02 1.2968849386038952e+01
211 9.3673125252512557e+02 1.2960097034416593e+01
212 9.3361837237646148e+02 1.2917028941327521e+01
213 9.3298846505351776e+02 1.2908313890979800e+01
214 9.2987996415311136e+02 1.2865306386754614e+01
215 9.2925228388305663e+02 1.2856622148682520e+01
216 9.2614860448002071e+02 1.2813681352036060e+01
217 9.2552270815992301e+02 1.2805021795711784e+01
218 9.2242426760273122e+02 1.2762153480847378e+01
219 9.2179973606386886e+02 1.2753512806883643e+01
220 9.1870692806541081e+02 1.2710722420995712e+01
221 9.1808336550775618e+02 1.2702095153321608e+01
222 9.1499656116713345e+02 1.2659387830732671e+01
223 9.1437359359200161e+02 1.2650768794908640e+01
224 9.1129314270471889e+02 1.2608149375196401e+01
225 9.1067041698925323e+02 1.2599533685609334e+01
226 9.0759664896090180e+02 1.2557006726247900e+01
227 9.0697383169904640e+02 1.2548389770075469e+01
228 9.0390705672542174e+02 1.2505959562762801e+01
229 9.0328383340709513e+02 1.2497336988616960e+01
230 9.0022434340354846e+02 1.2455007572132878e+01
231 8.9960041708231358e+02 1.2446375271626481e+01
232 8.9654848648828886e+02 1.2404150442963786e+01
233 8.9592357757065656e+02 1.2395504547795502e+01
234 8.9287946419377056e+02 1.2353387873838209e+01
235 8.9225330891527676e+02 1.2344724734708372e+01
236 8.8921725519004769e+02 1.2302719569646779e+01
237 8.8858960492040046e+02 1.2294035746643779e+01
238 8.8556183822488788e+02 1.2252145236355327e+01
239 8.8493245909422251e+02 1.2243437493784690e+01
240 8.8191319253657582e+02 1.2201664586716213e+01
241 8.8128186447243581e+02 1.2192929879776791e+01
242 8.7827129783248483e+02 1.2151277339971841e+01
243 8.7763781374634493e+02 1.2142512803501003e+01
244 8.7463613381007576e+02 1.2100983215227480e+01
245 8.7400029932627638e+02 1.2092186159950788e+01
246 8.7100768086110975e+02 1.2050781941194346e+01
247 8.7036931317652568e+02 1.2041949837948572e+01
248 8.6738591940299909e+02 1.2000673246938556e+01
249 8.6674484725053401e+02 1.1991803726166602e+01
250 8.6377083001931339e+02 1.1950656863825088e+01
