************Size of Matrix A ********************
  N = 6
***************************************************

 Tridiagonal Matrix A = 

 A =
  |   2.000000e+00, -1.000000e+00,  0.000000e+00,  0.000000e+00,  0.000000e+00,  0.000000e+00 |
  |  -1.000000e+00,  2.000000e+00, -1.000000e+00,  0.000000e+00,  0.000000e+00,  0.000000e+00 |
  |   0.000000e+00, -1.000000e+00,  2.000000e+00, -1.000000e+00,  0.000000e+00,  0.000000e+00 |
  |   0.000000e+00,  0.000000e+00, -1.000000e+00,  2.000000e+00, -1.000000e+00,  0.000000e+00 |
  |   0.000000e+00,  0.000000e+00,  0.000000e+00, -1.000000e+00,  2.000000e+00, -1.000000e+00 |
  |   0.000000e+00,  0.000000e+00,  0.000000e+00,  0.000000e+00, -1.000000e+00,  2.000000e+00 |

Hessenberg reduction to Matrix A is H:

 H =
  |   2.000000e+00,  1.000000e+00,  0.000000e+00,  0.000000e+00,  0.000000e+00,  0.000000e+00 |
  |   1.000000e+00,  2.000000e+00, -1.000000e+00,  0.000000e+00,  0.000000e+00,  0.000000e+00 |
  |   0.000000e+00, -1.000000e+00,  2.000000e+00, -1.000000e+00,  0.000000e+00,  0.000000e+00 |
  |   0.000000e+00,  0.000000e+00, -1.000000e+00,  2.000000e+00, -1.000000e+00,  0.000000e+00 |
  |   0.000000e+00,  0.000000e+00,  0.000000e+00, -1.000000e+00,  2.000000e+00,  1.000000e+00 |
  |   0.000000e+00,  0.000000e+00,  0.000000e+00,  0.000000e+00,  1.000000e+00,  2.000000e+00 |

Matrix H after QRA Applied: 

 H =
  |   3.801938e+00,  0.000000e+00,  0.000000e+00,  0.000000e+00,  0.000000e+00,  0.000000e+00 |
  |   0.000000e+00,  3.246980e+00,  0.000000e+00,  0.000000e+00,  0.000000e+00,  0.000000e+00 |
  |   0.000000e+00,  0.000000e+00,  2.445042e+00,  0.000000e+00,  0.000000e+00,  0.000000e+00 |
  |   0.000000e+00,  0.000000e+00,  0.000000e+00,  1.980623e-01,  0.000000e+00,  0.000000e+00 |
  |   0.000000e+00,  0.000000e+00,  0.000000e+00,  0.000000e+00,  1.554958e+00,  0.000000e+00 |
  |   0.000000e+00,  0.000000e+00,  0.000000e+00,  0.000000e+00,  0.000000e+00,  7.530204e-01 |

Obtained Eigen Values After QRA Algorithm on Hessenberg Matrix or Triagonal Matrix A: 
  lambda_1 =       3.8019377358
  lambda_2 =       3.2469796037
  lambda_3 =       2.4450418679
  lambda_4 =       0.1980622642
  lambda_5 =       1.5549581321
  lambda_6 =       0.7530203963

************Size of Matrix A ********************
  N = 12
***************************************************

 Tridiagonal Matrix A = 

 A =
  |   2.000000e+00, -1.000000e+00,  0.000000e+00,  0.000000e+00,  0.000000e+00,  0.000000e+00,  0.000000e+00,  0.000000e+00,  0.000000e+00,  0.000000e+00,  0.000000e+00,  0.000000e+00 |
  |  -1.000000e+00,  2.000000e+00, -1.000000e+00,  0.000000e+00,  0.000000e+00,  0.000000e+00,  0.000000e+00,  0.000000e+00,  0.000000e+00,  0.000000e+00,  0.000000e+00,  0.000000e+00 |
  |   0.000000e+00, -1.000000e+00,  2.000000e+00, -1.000000e+00,  0.000000e+00,  0.000000e+00,  0.000000e+00,  0.000000e+00,  0.000000e+00,  0.000000e+00,  0.000000e+00,  0.000000e+00 |
  |   0.000000e+00,  0.000000e+00, -1.000000e+00,  2.000000e+00, -1.000000e+00,  0.000000e+00,  0.000000e+00,  0.000000e+00,  0.000000e+00,  0.000000e+00,  0.000000e+00,  0.000000e+00 |
  |   0.000000e+00,  0.000000e+00,  0.000000e+00, -1.000000e+00,  2.000000e+00, -1.000000e+00,  0.000000e+00,  0.000000e+00,  0.000000e+00,  0.000000e+00,  0.000000e+00,  0.000000e+00 |
  |   0.000000e+00,  0.000000e+00,  0.000000e+00,  0.000000e+00, -1.000000e+00,  2.000000e+00, -1.000000e+00,  0.000000e+00,  0.000000e+00,  0.000000e+00,  0.000000e+00,  0.000000e+00 |
  |   0.000000e+00,  0.000000e+00,  0.000000e+00,  0.000000e+00,  0.000000e+00, -1.000000e+00,  2.000000e+00, -1.000000e+00,  0.000000e+00,  0.000000e+00,  0.000000e+00,  0.000000e+00 |
  |   0.000000e+00,  0.000000e+00,  0.000000e+00,  0.000000e+00,  0.000000e+00,  0.000000e+00, -1.000000e+00,  2.000000e+00, -1.000000e+00,  0.000000e+00,  0.000000e+00,  0.000000e+00 |
  |   0.000000e+00,  0.000000e+00,  0.000000e+00,  0.000000e+00,  0.000000e+00,  0.000000e+00,  0.000000e+00, -1.000000e+00,  2.000000e+00, -1.000000e+00,  0.000000e+00,  0.000000e+00 |
  |   0.000000e+00,  0.000000e+00,  0.000000e+00,  0.000000e+00,  0.000000e+00,  0.000000e+00,  0.000000e+00,  0.000000e+00, -1.000000e+00,  2.000000e+00, -1.000000e+00,  0.000000e+00 |
  |   0.000000e+00,  0.000000e+00,  0.000000e+00,  0.000000e+00,  0.000000e+00,  0.000000e+00,  0.000000e+00,  0.000000e+00,  0.000000e+00, -1.000000e+00,  2.000000e+00, -1.000000e+00 |
  |   0.000000e+00,  0.000000e+00,  0.000000e+00,  0.000000e+00,  0.000000e+00,  0.000000e+00,  0.000000e+00,  0.000000e+00,  0.000000e+00,  0.000000e+00, -1.000000e+00,  2.000000e+00 |

Hessenberg reduction to Matrix A is H:

 H =
  |   2.000000e+00,  1.000000e+00,  0.000000e+00,  0.000000e+00,  0.000000e+00,  0.000000e+00,  0.000000e+00,  0.000000e+00,  0.000000e+00,  0.000000e+00,  0.000000e+00,  0.000000e+00 |
  |   1.000000e+00,  2.000000e+00, -1.000000e+00,  0.000000e+00,  0.000000e+00,  0.000000e+00,  0.000000e+00,  0.000000e+00,  0.000000e+00,  0.000000e+00,  0.000000e+00,  0.000000e+00 |
  |   0.000000e+00, -1.000000e+00,  2.000000e+00, -1.000000e+00,  0.000000e+00,  0.000000e+00,  0.000000e+00,  0.000000e+00,  0.000000e+00,  0.000000e+00,  0.000000e+00,  0.000000e+00 |
  |   0.000000e+00,  0.000000e+00, -1.000000e+00,  2.000000e+00, -1.000000e+00,  0.000000e+00,  0.000000e+00,  0.000000e+00,  0.000000e+00,  0.000000e+00,  0.000000e+00,  0.000000e+00 |
  |   0.000000e+00,  0.000000e+00,  0.000000e+00, -1.000000e+00,  2.000000e+00, -1.000000e+00,  0.000000e+00,  0.000000e+00,  0.000000e+00,  0.000000e+00,  0.000000e+00,  0.000000e+00 |
  |   0.000000e+00,  0.000000e+00,  0.000000e+00,  0.000000e+00, -1.000000e+00,  2.000000e+00, -1.000000e+00,  0.000000e+00,  0.000000e+00,  0.000000e+00,  0.000000e+00,  0.000000e+00 |
  |   0.000000e+00,  0.000000e+00,  0.000000e+00,  0.000000e+00,  0.000000e+00, -1.000000e+00,  2.000000e+00, -1.000000e+00,  0.000000e+00,  0.000000e+00,  0.000000e+00,  0.000000e+00 |
  |   0.000000e+00,  0.000000e+00,  0.000000e+00,  0.000000e+00,  0.000000e+00,  0.000000e+00, -1.000000e+00,  2.000000e+00, -1.000000e+00,  0.000000e+00,  0.000000e+00,  0.000000e+00 |
  |   0.000000e+00,  0.000000e+00,  0.000000e+00,  0.000000e+00,  0.000000e+00,  0.000000e+00,  0.000000e+00, -1.000000e+00,  2.000000e+00, -1.000000e+00,  0.000000e+00,  0.000000e+00 |
  |   0.000000e+00,  0.000000e+00,  0.000000e+00,  0.000000e+00,  0.000000e+00,  0.000000e+00,  0.000000e+00,  0.000000e+00, -1.000000e+00,  2.000000e+00, -1.000000e+00,  0.000000e+00 |
  |   0.000000e+00,  0.000000e+00,  0.000000e+00,  0.000000e+00,  0.000000e+00,  0.000000e+00,  0.000000e+00,  0.000000e+00,  0.000000e+00, -1.000000e+00,  2.000000e+00,  1.000000e+00 |
  |   0.000000e+00,  0.000000e+00,  0.000000e+00,  0.000000e+00,  0.000000e+00,  0.000000e+00,  0.000000e+00,  0.000000e+00,  0.000000e+00,  0.000000e+00,  1.000000e+00,  2.000000e+00 |

Matrix H after QRA Applied: 

 H =
  |   3.941884e+00,  0.000000e+00,  0.000000e+00,  0.000000e+00,  0.000000e+00,  0.000000e+00,  0.000000e+00,  0.000000e+00,  0.000000e+00,  0.000000e+00,  0.000000e+00,  0.000000e+00 |
  |   0.000000e+00,  3.770912e+00,  0.000000e+00,  0.000000e+00,  0.000000e+00,  0.000000e+00,  0.000000e+00,  0.000000e+00,  0.000000e+00,  0.000000e+00,  0.000000e+00,  0.000000e+00 |
  |   0.000000e+00,  0.000000e+00,  3.497021e+00,  0.000000e+00,  0.000000e+00,  0.000000e+00,  0.000000e+00,  0.000000e+00,  0.000000e+00,  0.000000e+00,  0.000000e+00,  0.000000e+00 |
  |   0.000000e+00,  0.000000e+00,  0.000000e+00,  3.136129e+00,  0.000000e+00,  0.000000e+00,  0.000000e+00,  0.000000e+00,  0.000000e+00,  0.000000e+00,  0.000000e+00,  0.000000e+00 |
  |   0.000000e+00,  0.000000e+00,  0.000000e+00,  0.000000e+00,  2.709210e+00,  0.000000e+00,  0.000000e+00,  0.000000e+00,  0.000000e+00,  0.000000e+00,  0.000000e+00,  0.000000e+00 |
  |   0.000000e+00,  0.000000e+00,  0.000000e+00,  0.000000e+00,  0.000000e+00,  2.241073e+00,  0.000000e+00,  0.000000e+00,  0.000000e+00,  0.000000e+00,  0.000000e+00,  0.000000e+00 |
  |   0.000000e+00,  0.000000e+00,  0.000000e+00,  0.000000e+00,  0.000000e+00,  0.000000e+00,  1.758927e+00,  0.000000e+00,  0.000000e+00,  0.000000e+00,  0.000000e+00,  0.000000e+00 |
  |   0.000000e+00,  0.000000e+00,  0.000000e+00,  0.000000e+00,  0.000000e+00,  0.000000e+00,  0.000000e+00,  5.811637e-02,  0.000000e+00,  0.000000e+00,  0.000000e+00,  0.000000e+00 |
  |   0.000000e+00,  0.000000e+00,  0.000000e+00,  0.000000e+00,  0.000000e+00,  0.000000e+00,  0.000000e+00,  0.000000e+00,  2.290879e-01,  0.000000e+00,  0.000000e+00,  0.000000e+00 |
  |   0.000000e+00,  0.000000e+00,  0.000000e+00,  0.000000e+00,  0.000000e+00,  0.000000e+00,  0.000000e+00,  0.000000e+00,  0.000000e+00,  5.029785e-01,  0.000000e+00,  0.000000e+00 |
  |   0.000000e+00,  0.000000e+00,  0.000000e+00,  0.000000e+00,  0.000000e+00,  0.000000e+00,  0.000000e+00,  0.000000e+00,  0.000000e+00,  0.000000e+00,  1.290790e+00,  0.000000e+00 |
  |   0.000000e+00,  0.000000e+00,  0.000000e+00,  0.000000e+00,  0.000000e+00,  0.000000e+00,  0.000000e+00,  0.000000e+00,  0.000000e+00,  0.000000e+00,  0.000000e+00,  8.638705e-01 |

Obtained Eigen Values After QRA Algorithm on Hessenberg Matrix or Triagonal Matrix A: 
  lambda_1 =       3.9418836349
  lambda_2 =       3.7709120513
  lambda_3 =       3.4970214963
  lambda_4 =       3.1361294935
  lambda_5 =       2.7092097741
  lambda_6 =       2.2410733605
  lambda_7 =       1.7589266395
  lambda_8 =       0.0581163651
  lambda_9 =       0.2290879487
  lambda_10 =       0.5029785037
  lambda_11 =       1.2907902259
  lambda_12 =       0.8638705065

