-2.00 2295.0000
-1.95 1994.5684
-1.90 1725.3398
-1.85 1484.9017
-1.80 1270.9654
-1.75 1081.3625
-1.70 914.0421
-1.65 767.0672
-1.60 638.6120
-1.55 526.9584
-1.49 430.4931
-1.44 347.7042
-1.39 277.1783
-1.34 217.5971
-1.29 167.7345
-1.24 126.4532
-1.19 92.7017
-1.14 65.5110
-1.09 43.9917
-1.04 27.3306
-0.99 14.7877
-0.94 5.6930
-0.89 -0.5569
-0.84 -4.5015
-0.79 -6.6197
-0.74 -7.3333
-0.69 -7.0098
-0.64 -5.9656
-0.59 -4.4691
-0.54 -2.7442
-0.48 -0.9731
-0.43 0.7007
-0.38 2.1684
-0.33 3.3539
-0.28 4.2098
-0.23 4.7144
-0.18 4.8690
-0.13 4.6942
-0.08 4.2269
-0.03 3.5173
0.02 2.6257
0.07 1.6191
0.12 0.5683
0.17 -0.4551
0.22 -1.3823
0.27 -2.1503
0.32 -2.7047
0.37 -3.0034
0.42 -3.0194
0.47 -2.7439
0.53 -2.1899
0.58 -1.3948
0.63 -0.4240
0.68 0.6263
0.73 1.6257
0.78 2.4066
0.83 2.7607
0.88 2.4365
0.93 1.1356
0.98 -1.4905
1.03 -5.8430
1.08 -12.3795
1.13 -21.6170
1.18 -34.1348
1.23 -50.5781
1.28 -71.6608
1.33 -98.1687
1.38 -130.9630
1.43 -170.9829
1.48 -219.2491
1.54 -276.8671
1.59 -345.0298
1.64 -425.0214
1.69 -518.2198
1.74 -626.1003
1.79 -750.2385
1.84 -892.3137
1.89 -1054.1116
1.94 -1237.5279
1.99 -1444.5712
2.04 -1677.3663
2.09 -1938.1574
2.14 -2229.3109
2.19 -2553.3189
2.24 -2912.8024
2.29 -3310.5142
2.34 -3749.3421
2.39 -4232.3123
2.44 -4762.5922
2.49 -5343.4937
2.55 -5978.4767
2.60 -6671.1516
2.65 -7425.2830
2.70 -8244.7925
2.75 -9133.7621
2.80 -10096.4373
2.85 -11137.2301
2.90 -12260.7223
2.95 -13471.6686
3.00 -14775.0000
